$ANSIBLE_VAULT;1.1;AES256
33383833393433386639616131393734316262326135326265343336303330613564373735633363
3363623938626431336464666136396162386165353130310a626337353366656462366463653062
31656166346163346461383032653734336535633364316664326533653961646438386262663334
3262643839623363640a356361376564666361376665373131303931656264326139396265323130
35316665323966663438636331303637316239303537393335633533383630633734383663336166
33653865373332303935353232333430613063653230393562646230633037326234323430333938
35333131346236356161316634666463306637613732613366666632303466376232303435666565
34383863636331376661353334373732653136396235346463313835306162313961623337376238
37313531323535353938626464653466646638643133613037383838303362323533646534333539
30343165353261366435346130343233353734323235623530323338623665663331346165633764
64303235353538626638303964376534316335336631383335613062633761646438333764383062
63623163316533613034313964333530376665333935303830626137623939326365373230306461
64316135353164623731333032646665396638366231313737333435386230646566643164366665
66383533336163396632336439363066343363656434616131396234383363363839306131613136
33383561653931336239313461646230623531656564386362666561376537623362353436633634
30616631323231636536346164653031353331366535623063323137356462396636393563333338
61623738643161383830623463353439353738376637323335383638666630313438313832313439
62393163646636643636346231323832353163363236633131323934356239643662656263373533
33393136366137383132616666343330323339313034633464396166333363373162313831613030
32353163363732363634623131666135316264393932313937646633383739613738323439313034
36333339363865393438306238613531623632613935336464656436636237383737303531316563
63643065623835663039306264396137633433333639363739653864393737616632383636643032
63373561663534343131633063376236626435313230613865636138353665333461303561623833
32656131303164373431646438653630316262333365353335316536383533383462333332343136
64623336393463306335396362626633313664646333373563373330373437353962613861396431
36633365653766353766303439366162613839613961666634393236303962306465303537393765
31393537343038333164663461373138663334366666363737643632623764616265336166633936
62306232343430383464633338383736383931663466626166646563343536636438303135633964
32343165373963356462396436653665323039303638333731333166326534613466396165396665
30656461373163636234636537333865393130323734383630313137366365316564346336363361
34636362626138643033383366306234663338656234396632623033343730346431643535636266
63393962343636323238613730313563656239373934376132336239353465396336393363663134
32666161373630353335356166666538336331393539636363633666316437616630353330333536
37616332326362663631306461303765346539646136336533383136336664363561396639346339
30363635326564323663343963386439376630386534666365353763393962376366616263666362
37636435646439336561633130626364633531613037353561363865336165333562616235633234
30663935396238303734663965643739623832393435383738353735343238643061336333653662
62306663613038653166646537646262353036626537383030303537386632326139643963346663
31373364383034646632306133613538663736393431386534363334646437633264373165383264
66383634633563633637326162313634663363653037656537366464653637346537613635393466
65356537623031366539643262393637346336623936393033303666316239636664313436323664
62633739316537643465616137643638656565323131303637636535346235366637353336643134
35616131303332303230356431376662313134396134333830666132303039336130316133313037
30373038383131616261643936643336303539343831366535623462646166343466643330393938
6236
