$ANSIBLE_VAULT;1.1;AES256
64636638663832643632306234663337353230656132333764303931633838396330366130663431
3231636331373635393839656630643533613931303834330a343837623066626336343231333362
64626538663638373462356433613235316532373939393163353565613439383438353462643130
3437323661613565300a396437646564333238633066326365663438613161383733636134306137
37313463383463363833666333303735316162633562356361303062306233613530373339396236
37313365336137326162323332636337653033633132316133393862343934326161366331306363
63383438643061303737653062633432633930383936343566656337303533326134633065356131
65396662633134376162303833313261323665393239613533303932636538396337353961366165
33333136323461336266386235633063653334333965353330346539616161636634353236343439
65373365393735653435306165356630366132313665343939313533316539643437316166393438
64663262323133376461326135613965656465366535316335643736663736636131353034616636
33386531623662626364313931396365623738623533373339336537356461613531303462356235
36343631623365313232343736636531623535376633323462376264653031613165303838363630
35383934663866383034303734666264326533646432663536643865393262323237326165616532
36633632393433323732663737393935653936623365623631373431633430383432313633646532
30363739623238306237646565613038336231396239396262343431633462393062613331396633
31376564383664396564376638343433656136643131303366306436326138313466623366343237
32383034303635633163643135613630353834383234636236396464643633633231663238616237
36616163646635663163336139633438336666306466303634666265633834353530336239626138
66343333373064656437353734323633343466303134393430396333653464376430343366623062
34613736343332323835623430316539346130626335316263353163646230363430613462653539
65666535363536653339353135663965383936303135313063353638356338613431366430626636
30376537633031343263303930353736666230383364306537316263393631323866306430373237
36366634316430333937386338653436396663626132656133313239396239333262363462373662
37306430653432333164323162613630663832613131336335383237383738363465323664383663
33666439643361386164326164633931346136303532643463616164303537313065656330343963
63346361613930343664623432363534303933313064376535633262363934303765646232613864
33613564386265653932653230646363326663323734306462353331316534323039313136666639
39616465363161353265323661616537303562363962333663333965376566346531326438343464
64653461353030633333346237353237346337333032353064653866646261636134613263646366
34383763383062313563666631613937653531393562656363313835636638663433353764663032
34373535383932333834316262333337356333393661666266343330383761313531663666376630
35343065373938346237393834303164363066356134366165373238313430306636313235643862
35346332656237656264336166636638373830303666313531613837316465373662336564316263
38353432316433383561316166613735333363643536316231313563363166346366376362383830
65346437633533356136626538666437333564643038343064366633363664633136353430653937
36653138656338633331663166353031323732616636643734663432393030383337356265336235
36323337393632633133353138393964663038633230393661353661336238353738626561613536
34316161666261386335666338336634346434353236663463636531653236393662653834653338
35356133653762303338626566356662383663653833376638313662303831616164653561366362
36363763353837383761383633306436323433343433353161656563343264393861633632313635
66656239613262653134363232313137623834656562353163666361366635333061366164373336
37323436316661646461316264353465393636633530383734363466633938373865343165303339
66643266343164616666333831303838663363323033373735616231363563653939616234643730
33363562666664663736363832396531623466303566363465346262396235366266353031613961
38656335666333383062336331336436346530383634313639313563643065343538663534616434
66613737626435383737363935383836346639643237366463303864303065626436623237633634
37376132383265376463336536643562386537623932633936663063643339613335633561656430
61376565353736663661356565356231303339393130653866663161363434356539363834626538
65663833643938313731353065653265323632636337383262356536316133376633383366653532
64633232333530343838666464326137383439633437316361306161326630653431646133393333
36373836656330323664633165396265343965383139376465386436636163376464633439343665
36633363633766613738623735653466323038663134313466333837363936633262333764343364
35383461373030663339356538346633346166333163376533336335626337333435636661396563
65383232663935393232373762333763643937353065333263363133363536346261356265666238
38643433373037643737323462373131373137356631393337303933376139386662386266383830
37363635646134363733356238343935363136373465346161656664356335356237323030346134
34633165393934373234663732353235646434353866336236616361326564346536646461356532
39373235613332653134393836343764333233306230616433326235353164653062646232626338
32616538643465386133356336366534363866396565636531626566333665343265313265346161
62383136306561316632303663353336363738373365356438373465353431326463313334643533
36383233343563396430373530663832646135363561653463323461303536396339326635353735
65316664343436663232613034653133353432623532373839373531316539346237653232316337
34626431636134383062306633363335623630383665336162373734336534633731386634316266
38666535303466386633303238623233303766363066326437623139363836656131333136363732
3131663461333164313738616531643632326131343764316161
